Position: (3.737768346675847, -0.6689460216855426, 1.0783591961045111)
Veloctiy: (0.0, 0.0, 0.0)
Position: (3.737768346675847, -0.6689460216855426, 1.0783591961045111)
Veloctiy: (0.0, 0.0, 0.0)
Position: (3.861720964825006, -0.620280850940552, 1.0195511548585228)
Veloctiy: (0.31596645240337884, 0.27975213734889737, 0.0)
Position: (3.8779269103545104, -0.6114907212760539, 0.9163412807323436)
Veloctiy: (0.2575215376650892, 0.19410551491792988, 0.0)
Position: (4.053768702252336, -0.5816488838397291, 0.9034698621481941)
Veloctiy: (0.6897686100835371, 0.2670541401678247, 0.0)
Position: (4.163300641690151, -0.5273580322270572, 0.9351211416406138)
Veloctiy: (0.801806453748832, 0.3856372624061603, 0.0)
Position: (4.167706568047396, -0.4712337372919818, 0.911147881041717)
Veloctiy: (0.6130513499833542, 0.4385549587383261, 0.0)
Position: (4.107421662026651, -0.3787966789652852, 0.8446897752950675)
Veloctiy: (0.25083759624605767, 0.4699152710994444, 0.0)
Position: (4.023312768263071, -0.30664930038589006, 0.8881152013749011)
Veloctiy: (0.010972140864400251, 0.4776540532082551, 0.0)
Position: (3.8074810952432028, -0.232870803563818, 0.9486177988177482)
Veloctiy: (-0.4153451724456212, 0.415284838276953, 0.0)
Position: (3.555022944780201, -0.19076500336388208, 0.975809854502618)
Veloctiy: (-0.7717554157032029, 0.28767240324945254, 0.0)
Position: (3.3314918154155517, -0.1720877311135548, 0.9354747538981635)
Veloctiy: (-0.954457327942785, 0.15977725153672784, 0.0)
Position: (3.18735374395047, -0.14666186767888956, 0.9127213918794972)
Veloctiy: (-0.9871154794374413, 0.17533783035114528, 0.0)
Position: (3.0785757364907314, -0.1301362996722839, 0.9342590302073204)
Veloctiy: (-0.8803444929164488, 0.1270499291779709, 0.0)
Position: (2.944127972694834, -0.11009712610637512, 0.9145987267955455)
Veloctiy: (-0.8532169410369849, 0.12187894605201727, 0.0)
Position: (2.8167449836036758, -0.07204076158336786, 0.9301987277817998)
Veloctiy: (-0.8770904467402532, 0.2182972520372995, 0.0)
Position: (2.6497245529978026, -0.04276760900423576, 0.9405203698805843)
Veloctiy: (-0.8564798380996037, 0.153659157895044, 0.0)
Position: (2.553781960809663, -0.04374682591221746, 0.8833639478210467)
Veloctiy: (-0.7670011548304567, 0.03284246424601292, 0.0)
Position: (2.3742450865603746, -0.10183146376686408, 0.8982617754630567)
Veloctiy: (-0.8667393765811591, -0.26290374805968597, 0.0)
Position: (2.1412730300548954, -0.10062171124149205, 0.9833137731378002)
Veloctiy: (-0.9735838631947047, -0.013974491067064554, 0.0)
Position: (2.023851425187805, -0.10428248896776382, 0.9549842476964948)
Veloctiy: (-0.8853195871628565, -0.014938594856501591, 0.0)
Position: (1.9461806369904098, -0.09706949451974661, 0.9707581256894818)
Veloctiy: (-0.7361546872389795, 0.04229476427938064, 0.0)
Position: (1.765717245745547, -0.09663783626079425, 1.0040764424559134)
Veloctiy: (-0.8472969173159026, 0.0016499088888636826, 0.0)
Position: (1.5772808463448618, -0.12577023133325133, 1.054943091664287)
Veloctiy: (-0.9386963646646694, -0.15732419270382927, 0.0)
Position: (1.4199742137496525, -0.15213460208357393, 1.054943091664287)
Veloctiy: (-0.9386963646646694, -0.15732419270382927, 0.0)
Position: (1.2941288628037997, -0.1732261062039282, 1.054943091664287)
Veloctiy: (-0.9386963646646694, -0.15732419270382927, 0.0)
Position: (1.1368220058601595, -0.1995905145547322, 1.054943091664287)
Veloctiy: (-0.9386963646646694, -0.15732419270382927, 0.0)
Position: (0.9469272448289896, -0.23141660987426382, 1.054943091664287)
Veloctiy: (-0.9386963646646694, -0.15732419270382927, 0.0)
Position: (0.8217902294664303, -0.25238939794542514, 1.054943091664287)
Veloctiy: (-0.9386963646646694, -0.15732419270382927, 0.0)
Position: (0.6343783353389401, -0.2837993682580675, 1.054943091664287)
Veloctiy: (-0.9386963646646694, -0.15732419270382927, 0.0)
Position: (0.4468256686724268, -0.3152329318505933, 1.054943091664287)
Veloctiy: (-0.9386963646646694, -0.15732419270382927, 0.0)
Position: (1.3829125562075144, -0.4083305250009516, 1.165661528960707)
Veloctiy: (0.0, 0.0, 0.0)
Position: (1.3829125562075144, -0.4083305250009516, 1.165661528960707)
Veloctiy: (0.0, 0.0, 0.0)
Position: (1.393654370799597, -0.3089979654370419, 1.1636463667465868)
Veloctiy: (0.08375396035868923, 0.4876575031465047, 0.0)
Position: (1.4985458995806122, -0.31628550711749626, 1.079739555577437)
Veloctiy: (0.3202596910281401, 0.23129061749511307, 0.0)
Position: (1.6115202101931128, -0.352519412001039, 1.0560937321839736)
Veloctiy: (0.6214175894222685, -0.11153797145724455, 0.0)
Position: (1.7570990574964593, -0.3649367487395028, 1.026346113522019)
Veloctiy: (0.8381396779400316, -0.07424745469400672, 0.0)
Position: (1.8413723501400239, -0.3724021839672514, 1.026346113522019)
Veloctiy: (0.8381396779400316, -0.07424745469400672, 0.0)
Position: (1.6902478445718638, -0.33212611011208737, 1.1188071357502947)
Veloctiy: (0.33016404755569556, 0.04779596384003273, 0.0)
Position: (1.6722274900044352, -0.288590829423982, 1.0831851225952531)
Veloctiy: (0.24038737642952762, 0.21712254943715015, 0.0)
Position: (1.7619980929590553, -0.24952448193847876, 1.042816005124877)
Veloctiy: (0.38184917647479044, 0.35391445558030077, 0.0)
Position: (1.8255826063801708, -0.21372941252640687, 1.023804909236943)
Veloctiy: (0.4309417812898828, 0.3687052871795411, 0.0)
Position: (1.9089222217778414, -0.1431457914741085, 0.9840780568142231)
Veloctiy: (0.5121638124108605, 0.5758540290938436, 0.0)
Position: (1.9210357473551625, -0.12467818827993421, 0.9895394766542873)
Veloctiy: (0.4359768924268566, 0.34374611764996743, 0.0)
Position: (1.95926440829211, -0.08271086258382537, 1.0009128189163912)
Veloctiy: (0.423979888436112, 0.3831466957705183, 0.0)
Position: (2.097979664884911, -0.05140439807967301, 1.0070758694424846)
Veloctiy: (0.5631970316064275, 0.21334256997953682, 0.0)
Position: (2.1695837157558926, -0.048505155976425185, 0.9261993044252094)
Veloctiy: (0.4294748442198189, -0.014610812438000866, 0.0)
Position: (2.289974148495298, -0.10769818204297965, 0.9310988992075425)
Veloctiy: (0.5627180944123262, -0.3035751052360908, 0.0)
Position: (2.427028782234041, -0.1252426716954917, 0.9937185696123925)
Veloctiy: (0.6548380048241377, -0.1389535508744318, 0.0)
Position: (2.6555459821202128, -0.12979008556748411, 0.9241015571291222)
Veloctiy: (0.8897342699912648, -0.03720178435933848, 0.0)
Position: (2.9765440894353263, -0.1543782189886652, 0.8863439731257092)
Veloctiy: (1.2260439608782545, -0.10257454881851226, 0.0)
Position: (3.167373415416848, -0.18413143917202004, 0.8712209782118228)
Veloctiy: (1.19759910008717, -0.1602892652824113, 0.0)
Position: (3.3705118691565206, -0.21961031929678376, 0.9230747359262587)
Veloctiy: (1.2052009592215707, -0.19677052989321533, 0.0)
Position: (3.5160146898621276, -0.2204049597328725, 0.8961486406162519)
Veloctiy: (1.0961696314708558, -0.06977738549623869, 0.0)
Position: (3.606564992552319, -0.23848327885553483, 0.9296972877951563)
Veloctiy: (0.9134378480959356, -0.1069359060021054, 0.0)
Position: (3.6948137173512237, -0.2468454275963608, 0.940776484396057)
Veloctiy: (0.8426400151187473, -0.08610971853291528, 0.0)
Position: (3.8053277891449477, -0.25441614911393906, 0.8965428941383606)
Veloctiy: (0.7803283608328033, -0.062245791725951044, 0.0)
Position: (3.924409663624472, -0.2674538591469741, 0.8791121998566978)
Veloctiy: (0.7549810972470518, -0.07369589148549971, 0.0)
Position: (3.9772771499583346, -0.2677953017278025, 0.8967598862562093)
Veloctiy: (0.6620532920920553, -0.04210778344324813, 0.0)
Position: (3.984239358926895, -0.24815778282386647, 0.9622555663222523)
Veloctiy: (0.461613426935179, 0.04854417118450599, 0.0)
Position: (4.034666980073396, -0.2535221711330887, 0.92969138183923)
Veloctiy: (0.3752086415463452, -0.012801637188246041, 0.0)
Position: (4.163225005913776, -0.29456930195648134, 0.9201653939416026)
Veloctiy: (0.47606009028991, -0.15146745964372602, 0.0)
Position: (4.342987914421833, -0.33175122550424185, 0.9325552432867901)
Veloctiy: (0.6744306940102401, -0.1868446712126834, 0.0)
Position: (4.394145848072611, -0.3707462908728346, 0.9458975586453154)
Veloctiy: (0.5525158397169392, -0.22338960083848075, 0.0)
Position: (4.600378050482028, -0.4262358483262539, 0.9370383732620928)
Veloctiy: (0.7734281934305594, -0.27472529239622917, 0.0)
Position: (4.634331159653174, -0.46413212078081734, 0.9922249560104679)
Veloctiy: (0.5862726523641271, -0.25779717179315303, 0.0)
Position: (4.693317312970618, -0.5370730205993447, 0.9868916073509161)
Veloctiy: (0.5037684637477056, -0.37090133224563815, 0.0)
Position: (4.615714852675183, -0.6142512980772398, 1.0086706797502663)
Veloctiy: (0.2115552300192144, -0.49634472755004316, 0.0)
Position: (4.452513116246765, -0.6469406771784406, 1.0012693503078913)
Veloctiy: (-0.17354612961697213, -0.3526272718615293, 0.0)
Position: (4.239958981368443, -0.6618585188831193, 0.9932854737784421)
Veloctiy: (-0.5620287793386427, -0.32220844206055654, 0.0)
Position: (4.184654480022998, -0.6935643280383383, 0.9932854737784421)
Veloctiy: (-0.5620287793386427, -0.32220844206055654, 0.0)
Position: (4.130530636468512, -0.7245932716638614, 0.9932854737784421)
Veloctiy: (-0.5620287793386427, -0.32220844206055654, 0.0)
Position: (4.074348716025801, -0.7568021010393216, 0.9932854737784421)
Veloctiy: (-0.5620287793386427, -0.32220844206055654, 0.0)
Position: (4.017890222906863, -0.789169488222494, 0.9932854737784421)
Veloctiy: (-0.5620287793386427, -0.32220844206055654, 0.0)
Position: (3.9802163884542643, -0.8107677194015156, 0.9932854737784421)
Veloctiy: (-0.5620287793386427, -0.32220844206055654, 0.0)
Position: (3.9237231900582024, -0.8431550029559848, 0.9932854737784421)
Veloctiy: (-0.5620287793386427, -0.32220844206055654, 0.0)
Position: (3.86733544849418, -0.8754818286072203, 0.9932854737784421)
Veloctiy: (-0.5620287793386427, -0.32220844206055654, 0.0)
Position: (3.810991390055004, -0.907783610929505, 0.9932854737784421)
Veloctiy: (-0.5620287793386427, -0.32220844206055654, 0.0)
Position: (3.7545997626240015, -0.9401126643299085, 0.9932854737784421)
Veloctiy: (-0.5620287793386427, -0.32220844206055654, 0.0)
Position: (3.6982207308199726, -0.9724344967169175, 0.9932854737784421)
Veloctiy: (-0.5620287793386427, -0.32220844206055654, 0.0)
Position: (3.6605176843595393, -0.9940494750019232, 0.9932854737784421)
Veloctiy: (-0.5620287793386427, -0.32220844206055654, 0.0)
Position: (3.604006798355763, -1.026446898778273, 0.9932854737784421)
Veloctiy: (-0.5620287793386427, -0.32220844206055654, 0.0)
Position: (3.5475724252639194, -1.0588004580639452, 0.9932854737784421)
Veloctiy: (-0.5620287793386427, -0.32220844206055654, 0.0)
