Position: (4.83185882193496, -0.58858399542846, 0.8120105029912255)
Veloctiy: (0.09723419475551283, -0.057244208685371285, 0.0)
Position: (4.80722051156048, -0.5901778516340349, 0.8128925560907557)
Veloctiy: (0.01994916321321781, -0.04217816335093212, 0.0)
Position: (4.778502734846766, -0.5667149237295608, 0.8106970164451326)
Veloctiy: (-0.041864638877636196, 0.06481760757633942, 0.0)
Position: (4.75388127353775, -0.5536979285971982, 0.8073836213515202)
Veloctiy: (-0.08015423727492241, 0.076809545813941, 0.0)
Position: (4.644964862653753, -0.5432030808989597, 0.7868062055892835)
Veloctiy: (-0.2739883765484111, 0.04936820209840344, 0.0)
Position: (4.623252977815685, -0.5497083689687099, 0.8240554402875663)
Veloctiy: (-0.22723313743703558, 0.0011269766630949071, 0.0)
Position: (4.653245245343564, -0.5673131018234775, 0.825503916276932)
Veloctiy: (-0.07981910111189044, -0.048247852133394276, 0.0)
Position: (4.718266950065081, -0.560678596126028, 0.814567185740697)
Veloctiy: (0.07807141132983364, 0.02047131451945465, 0.0)
Position: (4.754534628168042, -0.5278940601373102, 0.798000935698004)
Veloctiy: (0.12905437525320007, 0.13068204757191723, 0.0)
Position: (4.8604090896285, -0.5138641022026081, 0.8017082641444501)
Veloctiy: (0.305170279169682, 0.13578697235882495, 0.0)
Position: (4.774909263581755, -0.4581504467853334, 0.8399052202117833)
Veloctiy: (0.020931754751016343, 0.21124737774536617, 0.0)
Position: (4.666940559588698, -0.429606303507325, 0.7986881653846599)
Veloctiy: (-0.19885903812187178, 0.2452335582696208, 0.0)
Position: (4.672738042256206, -0.40822097416878084, 0.8025593734057648)
Veloctiy: (-0.15929467961050187, 0.270322350887006, 0.0)
Position: (4.660890808495864, -0.3841481755169452, 0.7741145979702325)
Veloctiy: (-0.1526869994148351, 0.2623103499644732, 0.0)
Position: (4.594521468076787, -0.37093507404031595, 0.7661111728668033)
Veloctiy: (-0.27203871570589533, 0.23756879870032732, 0.0)
Position: (4.538417044291507, -0.35961499072552916, 0.7890698385305692)
Veloctiy: (-0.35275432895937825, 0.21549557797827273, 0.0)
Position: (4.4803960047674805, -0.34428334992574283, 0.7838322087727971)
Veloctiy: (-0.42486646825345853, 0.21396447803040636, 0.0)
Position: (4.442649801698725, -0.32374286991026974, 0.7520089962023849)
Veloctiy: (-0.4440235573514447, 0.23627971606647552, 0.0)
Position: (4.4150410131037106, -0.27968607505038956, 0.7528273851013533)
Veloctiy: (-0.40702277564211503, 0.31627196798315493, 0.0)
Position: (4.387798859065288, -0.25851789924931806, 0.7528273851013533)
Veloctiy: (-0.40702277564211503, 0.31627196798315493, 0.0)
Position: (4.346873521216364, -0.2267173762406606, 0.7528273851013533)
Veloctiy: (-0.40702277564211503, 0.31627196798315493, 0.0)
Position: (4.319589930224268, -0.20551700237188902, 0.7528273851013533)
Veloctiy: (-0.40702277564211503, 0.31627196798315493, 0.0)
Position: (4.292306436510613, -0.18431670409211715, 0.7528273851013533)
Veloctiy: (-0.40702277564211503, 0.31627196798315493, 0.0)
Position: (4.265268458121182, -0.16330718043088968, 0.7528273851013533)
Veloctiy: (-0.40702277564211503, 0.31627196798315493, 0.0)
Position: (3.9182685834640747, -0.10856401168154886, 0.7776428197035631)
Veloctiy: (-0.8937031708479413, 0.37441558886049814, 0.0)
Position: (3.8569714710114575, -0.09505878417674796, 0.7884083476608605)
Veloctiy: (-0.8960183886549062, 0.34403728351647866, 0.0)
Position: (3.8997866491208057, -0.08582123204150406, 0.7151169642768975)
Veloctiy: (-0.7386476216723279, 0.3034126741602152, 0.0)
Position: (3.774065707184471, -0.07289385157342664, 0.7257494678940914)
Veloctiy: (-0.823130382072032, 0.22883746042565958, 0.0)
Position: (3.6964624119870124, -0.07174106801622629, 0.7734728948528836)
Veloctiy: (-0.8607686025932973, 0.1675198948714995, 0.0)
Position: (3.6616531096658855, -0.07757161517018965, 0.8781347387676501)
Veloctiy: (-0.816492002548415, 0.09505028460157644, 0.0)
Position: (3.6226806551344466, -0.08194518440990747, 0.8831631121948751)
Veloctiy: (-0.7863706047016389, 0.04955783293164247, 0.0)
Position: (3.559819621980817, -0.07571558120676841, 0.8390564588938466)
Veloctiy: (-0.8068950113807661, 0.06170146610111418, 0.0)
Position: (3.528188783428771, -0.059227342503359065, 0.8365537624124123)
Veloctiy: (-0.7621908292599147, 0.11470988125237558, 0.0)
Position: (3.4260395363291574, -0.043853859177413274, 0.8365537624124123)
Veloctiy: (-0.7621908292599147, 0.11470988125237558, 0.0)
Position: (3.4312654816678236, -0.004062093744770706, 0.7564438751082718)
Veloctiy: (-0.651519232844139, 0.23815156863642706, 0.0)
Position: (3.3441626416393024, 0.006839105652033495, 0.6460832926208508)
Veloctiy: (-0.6966937491090048, 0.18697789981483992, 0.0)
Position: (3.274320417705941, 0.025583284663484, 0.6460832926208508)
Veloctiy: (-0.6966937491090048, 0.18697789981483992, 0.0)
Position: (3.2276607674509825, 0.038105750125424304, 0.6460832926208508)
Veloctiy: (-0.6966937491090048, 0.18697789981483992, 0.0)
Position: (3.1811039359562114, 0.05060062120193176, 0.6460832926208508)
Veloctiy: (-0.6966937491090048, 0.18697789981483992, 0.0)
Position: (3.0250574916521007, 0.05990770467053555, 0.7165553085087469)
Veloctiy: (-0.8783971243038274, 0.17864235728983235, 0.0)
Position: (2.93102533972931, 0.062126661028346686, 0.6998897945491684)
Veloctiy: (-0.9351659117241414, 0.14669034320637342, 0.0)
Position: (2.9032350052775273, 0.04954241051109104, 0.7098007964078233)
Veloctiy: (-0.8740546305128659, 0.052730209280499304, 0.0)
Position: (2.8170706809990578, 0.05891611600886315, 0.7068532635118852)
Veloctiy: (-0.9226960212470093, 0.08217357827061414, 0.0)
Position: (2.726007344638752, 0.05600057697618105, 0.6827049550374815)
Veloctiy: (-0.9742088566412499, 0.044465794139286516, 0.0)
Position: (2.6433605813798895, 0.04173076479752019, 0.7082683289760435)
Veloctiy: (-1.0033784600311297, -0.03735651599282594, 0.0)
Position: (2.5926646615634583, 0.02810722848521041, 0.7178700327942563)
Veloctiy: (-0.9700344387048152, -0.09293293789820584, 0.0)
Position: (2.5534927946219232, 0.011188855221577199, 0.7223252532076007)
Veloctiy: (-0.9183205972690239, -0.14755327693836917, 0.0)
Position: (2.4786422221913584, 0.006757328517053407, 0.7152861214298388)
Veloctiy: (-0.9452508684851607, -0.1195217796215578, 0.0)
Position: (2.3727300878131223, 0.00037967233232666375, 0.7573620802852135)
Veloctiy: (-0.9657367341012467, -0.09069231047743065, 0.0)
Position: (2.345437040269892, -0.008354933534357234, 0.7562982898240277)
Veloctiy: (-0.8898379146156272, -0.1063020820646198, 0.0)
Position: (2.3072454042080435, -0.002325763758399879, 0.7884803150476739)
Veloctiy: (-0.8450196573322043, -0.039365416087764143, 0.0)
Position: (2.3024058236050755, 0.007133685791870625, 0.7735753444461546)
Veloctiy: (-0.740095474161571, 0.02132503916465242, 0.0)
Position: (2.29771327786684, 0.006966615218621408, 0.7706786160844344)
Veloctiy: (-0.6492933148332809, 0.011239970408493144, 0.0)
Position: (2.3434788203022174, 0.0006167109308700125, 0.8032831291388683)
Veloctiy: (-0.467331900456095, -0.029874193084847803, 0.0)
Position: (2.3533837935729727, -0.0028415770915884986, 0.757632694441613)
Veloctiy: (-0.3852338422504269, -0.03957806666028962, 0.0)
Position: (2.34963712524834, -0.028284071850997183, 0.8082108448517745)
Veloctiy: (-0.33820257570101075, -0.15905227839986144, 0.0)
Position: (2.3821357604484312, -0.05097688044593307, 0.8010328720452116)
Veloctiy: (-0.2041562255345561, -0.19683344352619037, 0.0)
Position: (2.398656593387723, -0.044965422417917955, 0.8204224291534177)
Veloctiy: (-0.14304378455397027, -0.09812790452997025, 0.0)
Position: (2.3786797641550965, -0.08170984325596042, 0.7882100739894342)
Veloctiy: (-0.16608278112419156, -0.25376074921659586, 0.0)
Position: (2.3218561982025, -0.11640262921599992, 0.7993339010789108)
Veloctiy: (-0.25904185853840717, -0.3445038355561781, 0.0)
Position: (2.2676815058574746, -0.1583058084546396, 0.7997752346663752)
Veloctiy: (-0.33518772068297087, -0.4415180885561511, 0.0)
Position: (2.1607671396122012, -0.19432591351885836, 0.8064019989551334)
Veloctiy: (-0.5061696821601205, -0.4796490661528908, 0.0)
Position: (2.07330302813942, -0.2233879077084991, 0.8206060643963341)
Veloctiy: (-0.6134441980646245, -0.47024379410051814, 0.0)
Position: (2.04737926782591, -0.25855096842072695, 0.8285316702607561)
Veloctiy: (-0.5835451270724871, -0.4864489838366065, 0.0)
Position: (1.9514566969830107, -0.2970378095145355, 0.8902585608711612)
Veloctiy: (-0.7012728149877396, -0.5322149880390463, 0.0)
Position: (1.8808115072772753, -0.35065236292469654, 0.8902585608711612)
Veloctiy: (-0.7012728149877396, -0.5322149880390463, 0.0)
Position: (1.8942797177350696, -0.2964604219644269, 0.8689537117614404)
Veloctiy: (-0.385868206160191, 0.1001178301616972, 0.0)
Position: (1.762571794147556, -0.1574794640554707, 0.8651306022694013)
Veloctiy: (-0.41949617787228904, 0.69731165634415, 0.0)
Position: (1.6370601148640236, -0.03493327085380893, 0.9993339190635919)
Veloctiy: (-0.5167917174934508, 0.6982520130326761, 0.0)
Position: (1.5147088734990568, -0.06423886168170723, 1.029898241160115)
Veloctiy: (-0.5080773784093987, -0.10019358832664521, 0.0)
Position: (1.342190285942098, -0.12309705626321421, 1.062342653746098)
Veloctiy: (-0.6558054653694524, -0.31427525673311013, 0.0)
Position: (1.31637586534297, -0.16252334344959873, 1.0733759421374682)
Veloctiy: (-0.476579511601559, -0.23498155272997795, 0.0)
Position: (1.2977289535967502, -0.19674035452353378, 1.0612778751330743)
Veloctiy: (-0.3456337236877265, -0.18577932471637532, 0.0)
Position: (1.3306853843541848, -0.16917689581454698, 1.023437043243962)
Veloctiy: (-0.11996765113228536, 0.20417131931315022, 0.0)
Position: (1.3016998176918824, -0.15114094840698555, 1.077411108252742)
Veloctiy: (-0.1431211931836678, 0.10259569275990865, 0.0)
Position: (1.2648491477166095, -0.14468997093436042, 1.0787365221121084)
Veloctiy: (-0.16765007648865224, 0.03581763976937051, 0.0)
Position: (1.2703294332227104, -0.17135421319970057, 1.0765785920701136)
Veloctiy: (-0.1040779028602406, -0.15004974196524762, 0.0)
Position: (1.3618331425793535, -0.16194805880296947, 1.0066482555805134)
Veloctiy: (0.11180142460575346, 0.06373370078439178, 0.0)
Position: (1.384250344808215, -0.1378980088610307, 1.0614113249981405)
Veloctiy: (0.12254232074836699, 0.12476380668235983, 0.0)
Position: (1.467102724856924, -0.11931781545676251, 0.9905567852376989)
Veloctiy: (0.2398387267120992, 0.12861798522602377, 0.0)
Position: (1.460093660901129, -0.14905930899867104, 1.0883365733522425)
Veloctiy: (0.15554127522718456, -0.17560396675511641, 0.0)
Position: (1.4857151705542866, -0.17798564204292117, 1.0883365733522425)
Veloctiy: (0.15554127522718456, -0.17560396675511641, 0.0)
Position: (1.5544157900649882, -0.14006480534832094, 0.9676508122375984)
Veloctiy: (0.22193121272893002, 0.06604922306796582, 0.0)
Position: (1.5889728489383463, -0.13427059602648478, 0.9648895515562502)
Veloctiy: (0.21384419862616924, 0.03532330059234327, 0.0)
Position: (1.6323028177330356, -0.15229648178287386, 0.9701202003891058)
Veloctiy: (0.24073751234902993, -0.09135867703779624, 0.0)
Position: (1.666212572701434, -0.21976397502102446, 0.9995554666170302)
Veloctiy: (0.230569580367728, -0.3799968760355203, 0.0)
Position: (1.7423278186954292, -0.29221172804159695, 0.9427139387931291)
Veloctiy: (0.28466683873255405, -0.3525691744794454, 0.0)
Position: (1.7604408080004292, -0.24434635956989592, 0.9636720922805926)
Veloctiy: (0.30350865575580266, 0.20080211321615116, 0.0)
Position: (1.8114457423228822, -0.21060136283859993, 0.9636720922805926)
Veloctiy: (0.30350865575580266, 0.20080211321615116, 0.0)
Position: (1.780228183207341, -0.059809782986279536, 0.9020110759620756)
Veloctiy: (0.1932983549240358, 0.5768250804646912, 0.0)
Position: (1.7644998586741183, -0.00504182845935347, 0.9121191282646117)
Veloctiy: (0.14255509841014058, 0.6600170258586718, 0.0)
Position: (1.762507692016277, 0.02287608256063045, 0.9446403134697341)
Veloctiy: (0.1325413780375943, 0.55668073982251, 0.0)
Position: (1.8003323101592295, 0.03588894804796877, 0.9284916047796725)
Veloctiy: (0.21443243462337697, 0.4189633006381571, 0.0)
Position: (1.9180335690091233, 0.04486823797074657, 0.9239692670687878)
Veloctiy: (0.453653354742914, 0.3027622257766379, 0.0)
Position: (1.9356600743730348, 0.10279905656299743, 0.9030022214899345)
Veloctiy: (0.38533037225168965, 0.5224835909322124, 0.0)
Position: (1.975262609099627, 0.13120110455558548, 0.8889479520732766)
Veloctiy: (0.4199938627478432, 0.4835941435489957, 0.0)
Position: (2.024221058185141, 0.152312854371009, 0.8457542308113013)
Veloctiy: (0.4495104925911842, 0.3308090372051183, 0.0)
Position: (2.0694115931493973, 0.18557000322227235, 0.8457542308113013)
Veloctiy: (0.4495104925911842, 0.3308090372051183, 0.0)
Position: (2.223319682441459, 0.282916714040587, 0.8155289791644109)
Veloctiy: (0.6413516023786219, 0.5812997353327691, 0.0)
Position: (2.3139610348696835, 0.36697133518593267, 0.8246951111960918)
Veloctiy: (0.6817165255698878, 0.696757062590611, 0.0)
Position: (2.4087074496607843, 0.4209487218129539, 0.7845410573281124)
Veloctiy: (0.7412544709274933, 0.6058808966515994, 0.0)
Position: (2.4354301964052105, 0.43280532627823276, 0.724652656581573)
Veloctiy: (0.6761708428141606, 0.3838015033091425, 0.0)
Position: (2.4792424391269643, 0.43395012046991427, 0.7606002570804278)
Veloctiy: (0.6555363835943689, 0.2147287630964469, 0.0)
Position: (2.5218945459240354, 0.4054246759143917, 0.7837216440053317)
Veloctiy: (0.6431173687547665, -0.013391485347311397, 0.0)
Position: (2.615658024823574, 0.39529783757861575, 0.7657493590889456)
Veloctiy: (0.7081576291603582, -0.07103627327751545, 0.0)
Position: (2.7404683878691336, 0.3852563099239226, 0.7480436437997633)
Veloctiy: (0.8185596878640138, -0.11127038876867826, 0.0)
Position: (2.825624368829617, 0.38589504622656934, 0.7291046192941145)
Veloctiy: (0.8191073230241741, -0.056603373866015896, 0.0)
Position: (2.890860095004622, 0.36911603287716577, 0.7187489848798632)
Veloctiy: (0.7876882729700632, -0.10148237720915404, 0.0)
Position: (2.9657184933637173, 0.33187824026864543, 0.8633036770935529)
Veloctiy: (0.7926535443864806, -0.22326216537505594, 0.0)
Position: (3.045436009090225, 0.3094246660615232, 0.8633036770935529)
Veloctiy: (0.7926535443864806, -0.22326216537505594, 0.0)
Position: (3.164132765775589, 0.30983445890020744, 0.7865219219711098)
Veloctiy: (0.8599650437128212, -0.14795752532464113, 0.0)
Position: (3.2506151125581066, 0.2949551168760661, 0.7865219219711098)
Veloctiy: (0.8599650437128212, -0.14795752532464113, 0.0)
Position: (3.337312128114662, 0.28003884095466547, 0.7865219219711098)
Veloctiy: (0.8599650437128212, -0.14795752532464113, 0.0)
Position: (3.4237799182688846, 0.2651620034075548, 0.7865219219711098)
Veloctiy: (0.8599650437128212, -0.14795752532464113, 0.0)
Position: (3.5570525120556438, 0.18853821210122212, 0.6106149235403621)
Veloctiy: (0.9333141720732874, -0.3072951458531151, 0.0)
Position: (3.6208955193406247, 0.13724071526676115, 0.7449000071520931)
Veloctiy: (0.8947363548935839, -0.37236971069655567, 0.0)
Position: (3.7022175439224485, 0.11176952938328, 0.7479636997760207)
Veloctiy: (0.8794126158086822, -0.321546065862346, 0.0)
Position: (3.7373581176757633, 0.08350138931502364, 0.804466408423941)
Veloctiy: (0.7877008332882297, -0.29743174968382, 0.0)
Position: (3.7100385303547445, 0.05594987656179347, 0.8423892955497296)
Veloctiy: (0.5892667524440287, -0.2773758083104747, 0.0)
Position: (3.7958344829681274, 0.03706954481206888, 0.8039707638070116)
Veloctiy: (0.6399595727694328, -0.2423027696723421, 0.0)
Position: (3.856827438730079, -0.0027484424636622373, 0.7942153674393646)
Veloctiy: (0.6325800496513596, -0.3051503039106095, 0.0)
Position: (3.8968416758130644, -0.021238700509930222, 0.7863602703815807)
Veloctiy: (0.6274032321436603, -0.2967213671208006, 0.0)
Position: (3.946642628429123, -0.041775333479194765, 0.8061232479752404)
Veloctiy: (0.6437487057527689, -0.299881555133286, 0.0)
Position: (4.009505739739707, -0.06356407453331883, 0.8410402206318541)
Veloctiy: (0.6844016515966448, -0.3070859494785626, 0.0)
Position: (4.058275592492632, -0.09281166070076717, 0.8496769269324356)
Veloctiy: (0.643590185410235, -0.30021137693202726, 0.0)
Position: (4.122987317119375, -0.12299732293465909, 0.8496769269324356)
Veloctiy: (0.643590185410235, -0.30021137693202726, 0.0)
Position: (4.091450438190746, -0.19395506630485035, 0.8390228901958202)
Veloctiy: (0.4569596254920254, -0.44089656965639346, 0.0)
Position: (4.208081860835805, -0.2583877584392051, 0.8231070198485816)
Veloctiy: (0.6175448223105107, -0.5617515743164617, 0.0)
Position: (4.328925416095892, -0.3351126874376702, 0.8044286275830848)
Veloctiy: (0.726082962105757, -0.6342314005543528, 0.0)
Position: (4.338720785526391, -0.4186745488227027, 0.8287524510337929)
Veloctiy: (0.6024001639840676, -0.7171397948346288, 0.0)
Position: (4.375339634347744, -0.47131779223932874, 0.7847873050285953)
Veloctiy: (0.5582522967386913, -0.6446082137922998, 0.0)
Position: (4.389119205843567, -0.5027442140073985, 0.822632628028177)
Veloctiy: (0.48312097112342156, -0.5235430187165769, 0.0)
Position: (4.44895750224775, -0.6058490072201749, 0.8709625629724272)
Veloctiy: (0.43817742382863556, -0.5852705134850229, 0.0)
Position: (4.349063174300651, -0.6803390360367293, 0.8624836316594018)
Veloctiy: (0.084954787500802, -0.5211211225127658, 0.0)
Position: (4.360700204888066, -0.7517217399528808, 0.8624836316594018)
Veloctiy: (0.084954787500802, -0.5211211225127658, 0.0)
Position: (4.377977731367696, -0.8577038070991673, 0.8624836316594018)
Veloctiy: (0.084954787500802, -0.5211211225127658, 0.0)
