Position: (4.402887623755862, -0.46360545753830756, 0.9536699633076401)
Veloctiy: (0.024667072966645158, -0.0069760077385525535, 0.0)
Position: (4.410679817656634, -0.46671338800852785, 0.9418613757223548)
Veloctiy: (0.03792479341570393, -0.016609634279033836, 0.0)
Position: (4.413917335297495, -0.4702080802097197, 0.9424248521614795)
Veloctiy: (0.03905378530380379, -0.026360870282932464, 0.0)
Position: (4.397105369911459, -0.4710319092291007, 0.9530439135981122)
Veloctiy: (-0.004802101316902985, -0.026229188985507215, 0.0)
Position: (4.3751235203748235, -0.47243788545381804, 0.9449532063062629)
Veloctiy: (-0.053499568803763095, -0.028772774684895495, 0.0)
Position: (4.370699605163527, -0.47584146113361586, 0.9310216178206416)
Veloctiy: (-0.05579359044826677, -0.03470570623291318, 0.0)
Position: (4.371004436865919, -0.4768946560284414, 0.920109048311643)
Veloctiy: (-0.046913579483750384, -0.029010825905149674, 0.0)
Position: (4.368249412096021, -0.48130839733951086, 0.9894706558993884)
Veloctiy: (-0.04577905808510269, -0.03853153593299436, 0.0)
Position: (4.364883800959524, -0.4832053562729699, 0.9240325415647704)
Veloctiy: (-0.046948045290258617, -0.03584583724738854, 0.0)
Position: (4.357102672297799, -0.48507953558949124, 0.9186545974344)
Veloctiy: (-0.05645691724206319, -0.0347024227319571, 0.0)
Position: (4.341957789590591, -0.48338846406388886, 0.918906773791216)
Veloctiy: (-0.07466595459236187, -0.016564588242683195, 0.0)
Position: (4.32675524552029, -0.4803632444396489, 0.9254315589200968)
Veloctiy: (-0.09436933171476186, -0.0025705469192793522, 0.0)
Position: (4.30885789940464, -0.4738232531085763, 0.938053468438327)
Veloctiy: (-0.10966989793903341, 0.022089344951992818, 0.0)
Position: (4.2792044248731385, -0.4669305251028642, 0.9353004881809943)
Veloctiy: (-0.1462025180267765, 0.03634314999603025, 0.0)
Position: (4.27527363817363, -0.4569481630502516, 0.918274537878018)
Veloctiy: (-0.12363057843037902, 0.06298441845485708, 0.0)
Position: (4.209284735447511, -0.43033926955288015, 0.9068107952829482)
Veloctiy: (-0.22713264413125114, 0.13042740685500168, 0.0)
Position: (4.196064666662058, -0.3921498859621726, 0.9192041842089537)
Veloctiy: (-0.2027795228730535, 0.22910683731624693, 0.0)
Position: (4.1863647150970245, -0.3683277566157453, 0.9189469038500656)
Veloctiy: (-0.1812742660043386, 0.23422856623055716, 0.0)
Position: (4.1024907879863095, -0.3257331863433485, 0.9011147438726134)
Veloctiy: (-0.3094928538131591, 0.296490018308339, 0.0)
Position: (4.0086098586947205, -0.2898819186779813, 0.8882658792917074)
Veloctiy: (-0.4339271182994958, 0.3094768355030264, 0.0)
Position: (3.904680221960043, -0.2581512333862507, 0.9359994649389862)
Veloctiy: (-0.5527963105637421, 0.3024473339737782, 0.0)
Position: (3.81510795141002, -0.21970294123011713, 0.919332266785413)
Veloctiy: (-0.6199420612668082, 0.32967459745203836, 0.0)
Position: (3.727897517482375, -0.20338829027518962, 0.9205357422310425)
Veloctiy: (-0.6709628146763947, 0.25882976532699253, 0.0)
Position: (3.5739648866770857, -0.18960914678432653, 0.9675001226353271)
Veloctiy: (-0.8424631177544768, 0.19908334612020392, 0.0)
Position: (3.4220112526930695, -0.1729137630471945, 0.9710904159539112)
Veloctiy: (-0.9756948916090449, 0.17840797763783708, 0.0)
Position: (3.295868831309793, -0.149302175819849, 0.9838234884933866)
Veloctiy: (-1.030726818411514, 0.19959187101701908, 0.0)
Position: (3.2664575077159994, -0.12650034210692204, 0.9619393266678888)
Veloctiy: (-0.883674862533721, 0.2182439707851261, 0.0)
Position: (3.198052421387305, -0.09791780710267944, 0.9660945572488693)
Veloctiy: (-0.8439845523952845, 0.24984429149702392, 0.0)
Position: (3.1733403370580433, -0.07573724254237688, 0.9203549557343713)
Veloctiy: (-0.7245094086775247, 0.2404120470173869, 0.0)
Position: (3.1221540928646276, -0.04957795818462318, 0.8885347757755506)
Veloctiy: (-0.682616224902573, 0.2507169593640914, 0.0)
Position: (3.037390643913123, -0.0033151464597167557, 0.8820852973904258)
Veloctiy: (-0.7150887238191869, 0.3442728304394521, 0.0)
Position: (2.923421523542991, 0.03831950744029494, 0.9857748769305716)
Veloctiy: (-0.7958169616587923, 0.3750604802520062, 0.0)
Position: (2.811202964768837, 0.0636753846377634, 0.9251203917386316)
Veloctiy: (-0.8606413006362014, 0.31949990323942046, 0.0)
Position: (2.768975978378841, 0.07029424592770889, 0.987582944569127)
Veloctiy: (-0.8266221314035682, 0.24955738361253688, 0.0)
Position: (2.6867092054945636, 0.07939500406042732, 0.9553874059231228)
Veloctiy: (-0.8230139423337464, 0.17370776829738666, 0.0)
Position: (2.5824549821583584, 0.089164091837318, 0.9616014289175285)
Veloctiy: (-0.8652677678271585, 0.13978710796171984, 0.0)
Position: (2.465332425547163, 0.10101265669700232, 0.963105499269033)
Veloctiy: (-0.9240440063061534, 0.13246819371056445, 0.0)
Position: (2.300290514723584, 0.12320123738351446, 0.9213918489711564)
Veloctiy: (-1.008570486034268, 0.15955673785187705, 0.0)
Position: (2.0995331258728807, 0.19912649297696433, 0.9556798919870867)
Veloctiy: (-0.9963114098730365, 0.36083875805176824, 0.0)
Position: (1.9310586655243411, 0.23304018831604995, 0.9495097343803671)
Veloctiy: (-1.054204828790056, 0.285929127522195, 0.0)
Position: (1.774204337454047, 0.3386277915508626, 1.0055388058952344)
Veloctiy: (-0.9604632797712965, 0.5037284554083996, 0.0)
Position: (1.8436664134953564, 0.4637417249003156, 1.0048072838564839)
Veloctiy: (-0.5828922731849099, 0.7051235299878842, 0.0)
Position: (1.9374177318095285, 0.602048999880098, 1.0002228362415928)
Veloctiy: (-0.2497747044744878, 0.8222348494315687, 0.0)
Position: (1.7868980551527254, 0.6633176311101858, 1.0381643260948372)
Veloctiy: (-0.4031127983781968, 0.5362663545183166, 0.0)
Position: (1.6928944829957575, 0.7178272969130909, 1.1469968425444153)
Veloctiy: (-0.4100975334682421, 0.3962471682493989, 0.0)
Position: (1.6002618839587703, 0.7119734827487014, 1.1565434231531457)
Veloctiy: (-0.4090274527569867, 0.14306489286269297, 0.0)
Position: (1.5170871965057788, 0.7410653631815289, 1.1565434231531457)
Veloctiy: (-0.4090274527569867, 0.14306489286269297, 0.0)
Position: (1.4493728019135852, 0.7647497211440489, 1.1565434231531457)
Veloctiy: (-0.4090274527569867, 0.14306489286269297, 0.0)
Position: (1.3808938523886445, 0.788701496290438, 1.1565434231531457)
Veloctiy: (-0.4090274527569867, 0.14306489286269297, 0.0)
Position: (1.3260580127323571, 0.8078813422215215, 1.1565434231531457)
Veloctiy: (-0.4090274527569867, 0.14306489286269297, 0.0)
Position: (1.2575132376013887, 0.8318561410872485, 1.1565434231531457)
Veloctiy: (-0.4090274527569867, 0.14306489286269297, 0.0)
Position: (1.2030640634579886, 0.850900743626227, 1.1565434231531457)
Veloctiy: (-0.4090274527569867, 0.14306489286269297, 0.0)
Position: (1.1340098450436384, 0.8750537296729497, 1.1565434231531457)
Veloctiy: (-0.4090274527569867, 0.14306489286269297, 0.0)
Position: (2.1080091260783727, 1.0509054837087097, 0.8015241046318419)
Veloctiy: (0.0, 0.0, 0.0)
Position: (2.097890980604624, 1.0182948910119063, 0.864167340417267)
Veloctiy: (0.1434998662153435, -0.2974425009488258, 0.0)
Position: (1.9797551795708377, 0.8734006737625182, 1.063533656743682)
Veloctiy: (-0.1798411312630297, -0.5879435051348999, 0.0)
Position: (2.058331151676052, 0.8730197038393398, 1.0013412603588927)
Veloctiy: (0.07067007963184854, -0.2046236562729707, 0.0)
Position: (2.2535442758213535, 0.8160096889704349, 0.9355716248708145)
Veloctiy: (0.49794778454744143, -0.4280673607390223, 0.0)
Position: (2.414860012303513, 0.792665350657718, 0.8972057460099034)
Veloctiy: (0.6889097696715065, -0.37341408267387666, 0.0)
Position: (2.5374100483594964, 0.7110504531711053, 0.8495402611255135)
Veloctiy: (0.7155518336143512, -0.471170881691224, 0.0)
Position: (2.550203791958368, 0.5349744565425313, 0.9106318070424142)
Veloctiy: (0.5522791625540224, -0.8305239553843929, 0.0)
Position: (2.6168019051698126, 0.4403684153410913, 0.9145832843077578)
Veloctiy: (0.4750580023748039, -0.6001732671959427, 0.0)
Position: (2.72071063474227, 0.33416198269528147, 0.8923012905301873)
Veloctiy: (0.5227897354026537, -0.6373748063370124, 0.0)
Position: (3.0376189013101835, 0.18355760192005646, 0.9521936990970113)
Veloctiy: (0.8466147634183081, -0.5174010072411473, 0.0)
Position: (3.274360866045175, 0.09049225131355929, 0.871360569967333)
Veloctiy: (0.9669752157694003, -0.47694241979358765, 0.0)
Position: (3.3137989242952046, -0.024131739325458035, 0.9412697690758419)
Veloctiy: (0.6673731825935407, -0.5415399872062694, 0.0)
Position: (3.5221967023362937, -0.10136243132614908, 0.8564983791048779)
Veloctiy: (0.897687829393277, -0.5652504685765858, 0.0)
Position: (3.619949220420731, -0.19572595921244154, 0.8685840121329337)
Veloctiy: (0.7949653162075802, -0.566527309559351, 0.0)
Position: (3.085397910418039, -1.465275902332879, 1.9070263847474171)
Veloctiy: (0.0, 0.0, 0.0)
Position: (1.7274158918743696, -0.7443666954515686, 1.0439317919200384)
Veloctiy: (0.0, 0.0, 0.0)
Position: (3.866091997203518, -0.291571446562249, 0.8738459409759052)
Veloctiy: (0.9659059343309284, -0.48465605458252714, 0.0)
Position: (3.085397910418039, -1.465275902332879, 1.9070263847474171)
Veloctiy: (0.0, 0.0, 0.0)
Position: (1.7274158918743696, -0.7443666954515686, 1.0439317919200384)
Veloctiy: (0.0, 0.0, 0.0)
Position: (4.159282869640517, -0.33071728908170805, 0.860652178616215)
Veloctiy: (1.2346538346402267, -0.30331839550949924, 0.0)
Position: (3.085397910418039, -1.465275902332879, 1.9070263847474171)
Veloctiy: (0.0, 0.0, 0.0)
Position: (1.7274158918743696, -0.7443666954515686, 1.0439317919200384)
Veloctiy: (0.0, 0.0, 0.0)
Position: (4.364507851079215, -0.38113507449003026, 0.860652178616215)
Veloctiy: (1.2346538346402267, -0.30331839550949924, 0.0)
Position: (3.085397910418039, -1.465275902332879, 1.9070263847474171)
Veloctiy: (0.0, 0.0, 0.0)
Position: (1.7274158918743696, -0.7443666954515686, 1.0439317919200384)
Veloctiy: (0.0, 0.0, 0.0)
Position: (4.529886487558996, -0.4217637764477843, 0.860652178616215)
Veloctiy: (1.2346538346402267, -0.30331839550949924, 0.0)
Position: (3.085397910418039, -1.465275902332879, 1.9070263847474171)
Veloctiy: (0.0, 0.0, 0.0)
Position: (1.5682831851665298, -0.1703129961311321, 1.0625470030694837)
Veloctiy: (-0.20183655906175513, 0.8795674081847004, 0.0)
Position: (4.778314451286349, -0.48279527308540726, 0.860652178616215)
Veloctiy: (1.2346538346402267, -0.30331839550949924, 0.0)
Position: (1.7624383786152413, -0.06305424769682888, 1.0490449978682068)
Veloctiy: (0.19464820096282098, 0.8252498404180932, 0.0)
Position: (4.985391867829619, -0.533668147708163, 0.860652178616215)
Veloctiy: (1.2346538346402267, -0.30331839550949924, 0.0)
Position: (1.9645269741582552, 0.017932879124813228, 1.0243720896284474)
Veloctiy: (0.7343042725670406, 0.4995258726323504, 0.0)
Position: (5.192255575671344, -0.5844885203432035, 0.860652178616215)
Veloctiy: (1.2346538346402267, -0.30331839550949924, 0.0)
Position: (2.1203800601784284, 0.03016428938120652, 0.99070358294705)
Veloctiy: (0.873496021952592, 0.1255958650812174, 0.0)
Position: (3.813155047246608, -0.5959257265213641, 0.8412199693670225)
Veloctiy: (0.0, 0.0, 0.0)
Position: (5.441158644071496, -0.6456367363259652, 0.860652178616215)
Veloctiy: (1.2346538346402267, -0.30331839550949924, 0.0)
Position: (2.2626085971640215, 0.06691698179674099, 1.0123886234081196)
Veloctiy: (0.8036715041662861, 0.18677318754780087, 0.0)
Position: (4.222781528767546, -0.6596130784196098, 0.949086924179608)
Veloctiy: (1.0700573289840514, -0.17110912209504578, 0.0)
Position: (5.689584252079333, -0.706667654232089, 0.860652178616215)
Veloctiy: (1.2346538346402267, -0.30331839550949924, 0.0)
Position: (2.4281265446695253, 0.13051992523584427, 0.9572120120208231)
Veloctiy: (0.8051452260973249, 0.3072828040840979, 0.0)
Position: (4.46029652365642, -0.7341798554463287, 1.0078628267690268)
Veloctiy: (1.1335322100582963, -0.3192629670072171, 0.0)
Position: (2.5300398885776625, 0.16547224612762146, 0.9104880889770312)
Veloctiy: (0.8457392089554054, 0.326073999558699, 0.0)
Position: (4.477263437336132, -0.7642228556829208, 0.9640370140702732)
Veloctiy: (0.8894403790566692, -0.3315033642366171, 0.0)
Position: (2.6960313824245343, 0.19195099436879537, 0.9614297170500576)
Veloctiy: (1.0188616441902398, 0.2842970666807123, 0.0)
Position: (4.4985588246624895, -0.7778496896805978, 0.9914436941930173)
Veloctiy: (0.7360463937883386, -0.27550629147496575, 0.0)
Position: (2.7544409401483687, 0.2116414720317849, 0.9882475796281681)
Veloctiy: (0.9388102595922375, 0.25406479732480913, 0.0)
Position: (4.563042137634319, -0.788511530886672, 0.9897933071827036)
Veloctiy: (0.7241193857456979, -0.21641238699650933, 0.0)
Position: (2.8325094691396715, 0.24437942493301507, 0.944984691205978)
Veloctiy: (0.9038517741118895, 0.2926937093688704, 0.0)
Position: (4.720242549406851, -0.8110966602446512, 1.1048049427582396)
Veloctiy: (0.9166133404229965, -0.19789834419260527, 0.0)
Position: (2.9274130388150814, 0.255425649844624, 0.9268020867797644)
Veloctiy: (0.917667638111357, 0.20686796906738036, 0.0)
Position: (4.867602798222177, -0.8298310718659678, 1.101793156470165)
Veloctiy: (1.0358168815839996, -0.17799986944469184, 0.0)
Position: (3.0187471479203793, 0.24594363490925147, 0.9188173635123239)
Veloctiy: (0.925821635786999, 0.06877616213547896, 0.0)
Position: (4.823898027881224, -0.8137989887847176, 0.9931298369221544)
Veloctiy: (0.737834903133293, -0.09607507024797261, 0.0)
Position: (3.1087186650420717, 0.23169924941793235, 0.9044276072421189)
Veloctiy: (0.9255069119723709, -0.026182515612918594, 0.0)
Position: (4.855719698942348, -0.8143805205456526, 0.9814515247956339)
Veloctiy: (0.6540576990297082, -0.07535760520947582, 0.0)
Position: (3.1892987310184324, 0.22697590531358838, 0.9112815486839497)
Veloctiy: (0.9010951489319234, -0.03258305369292547, 0.0)
Position: (4.810717575841838, -0.8231880168241202, 1.061063585346016)
Veloctiy: (0.4312807775612462, -0.11162127182574134, 0.0)
Position: (3.249497099362312, 0.22206303150437673, 0.9134687711845945)
Veloctiy: (0.8407330274583911, -0.03329196725849491, 0.0)
Position: (4.80198974836932, -0.8301561438623563, 1.0815736084560563)
Veloctiy: (0.3283269393976401, -0.11122213731280935, 0.0)
Position: (3.33721986896857, 0.2342808091034627, 0.9362507189599044)
Veloctiy: (0.845121330259532, 0.03405734576738903, 0.0)
Position: (4.814000775911807, -0.8380925090566539, 1.0694386572495302)
Veloctiy: (0.28701769869488436, -0.10552553817297944, 0.0)
Position: (3.3717420306688775, 0.21524446465512967, 0.9790724622011171)
Veloctiy: (0.7482541115102782, -0.05393407783669538, 0.0)
Position: (4.780895019169982, -0.8252692704636034, 1.0217822497544313)
Veloctiy: (0.16876691779874098, -0.038499145149632194, 0.0)
Position: (3.4502120685281694, 0.21461440756556893, 0.9780356232782705)
Veloctiy: (0.7535376875801557, -0.03385944870713836, 0.0)
Position: (4.747976126484626, -0.806569611173026, 1.0097742722812324)
Veloctiy: (0.07499491838716284, 0.028674650642712036, 0.0)
Position: (3.5186073857990117, 0.2106284486372372, 1.0169231815426498)
Veloctiy: (0.7402211063874359, -0.03515961523081115, 0.0)
Position: (4.847158324603011, -0.7972089550021404, 1.0048624910723207)
Veloctiy: (0.261489205718725, 0.07956758076301457, 0.0)
Position: (3.5626411443842008, 0.20585682663999424, 1.0514426899284413)
Veloctiy: (0.6804487947529912, -0.03550957484505715, 0.0)
Position: (4.924603366120779, -0.7926644194192752, 0.9878104277986267)
Veloctiy: (0.36324484084102093, 0.08213205241035096, 0.0)
Position: (3.588152620837799, 0.20171042313397902, 0.9854538620063432)
Veloctiy: (0.593895373937879, -0.03147113848541827, 0.0)
Position: (5.001126869480256, -0.790264961610234, 0.9567827055229393)
Veloctiy: (0.44168746487526583, 0.07241886356643969, 0.0)
Position: (3.6851926784170415, 0.17113426709507082, 1.025464646038718)
Veloctiy: (0.6724927826384219, -0.1512057610410036, 0.0)
Position: (5.097097739804372, -0.7946417789405672, 1.038635518998551)
Veloctiy: (0.5436656455647995, 0.04448288804842537, 0.0)
Position: (3.7623083151459156, 0.14761070854412486, 1.005437076064547)
Veloctiy: (0.7377884156079215, -0.2121476433530297, 0.0)
Position: (5.211745551528684, -0.8037627179941333, 1.0246150991645615)
Veloctiy: (0.698075932914305, 0.022086168617824725, 0.0)
Position: (3.8294629939951847, 0.1279357114343211, 0.9775746324838567)
Veloctiy: (0.7732969976243061, -0.23740724028706445, 0.0)
Position: (5.329336365838759, -0.8048218979047879, 0.9732284951788716)
Veloctiy: (0.8401160224626563, 0.03194738163994293, 0.0)
Position: (3.965042016623961, 0.0983763092488745, 0.9676379998708846)
Veloctiy: (0.8895699892938926, -0.26782137627125224, 0.0)
Position: (5.405870712324665, -0.8019867372025279, 0.9868789449767044)
Veloctiy: (0.8240691926631699, 0.02852537566294744, 0.0)
Position: (4.076966306888759, 0.07184419308300043, 0.9651646408582979)
Veloctiy: (0.9362086040813932, -0.2694303309621142, 0.0)
Position: (5.448120228620449, -0.7978663127843976, 0.9817481387134575)
Veloctiy: (0.7435498857306311, 0.023256375479018668, 0.0)
Position: (4.168186872665496, 0.040153343506181396, 0.9827093103910756)
Veloctiy: (0.929630493244336, -0.286922032207222, 0.0)
Position: (5.494039039888127, -0.8001673755052952, 0.9945298108806824)
Veloctiy: (0.6833791869032717, 0.00021335829472698964, 0.0)
Position: (4.228645345239331, 0.014914452586847947, 0.965535837989091)
Veloctiy: (0.8630325688058609, -0.2706312337303503, 0.0)
Position: (5.513344997182705, -0.7979456608316332, 0.9981308281744393)
Veloctiy: (0.5840251307631129, -0.003515573086519494, 0.0)
Position: (4.331531353913782, -0.0032354032297204523, 0.9869328036781096)
Veloctiy: (0.95351877092324, -0.2727921404610997, 0.0)
Position: (5.606668693660632, -0.7970944986260996, 0.970189958244625)
Veloctiy: (0.6935677089981657, 0.012642487995884064, 0.0)
