Position: (3.667866228258159, -0.513978625836486, 0.8442262052521255)
Veloctiy: (0.0, 0.0, 0.0)
Position: (3.6157717766783577, -0.49514200261325236, 0.814175067325209)
Veloctiy: (-0.10003626037285315, 0.11234664583489762, 0.0)
Position: (3.6782598435697538, -0.4186233752506641, 0.7596250216509716)
Veloctiy: (0.14908648637833916, 0.52209585659874, 0.0)
Position: (3.69663475587323, -0.39459618351216624, 0.7720035513418742)
Veloctiy: (0.15811921999555129, 0.38907463962319, 0.0)
Position: (3.716658891754812, -0.37776289627613974, 0.7554769274506231)
Veloctiy: (0.16974479799771497, 0.29652035070864935, 0.0)
Position: (3.784390980487379, -0.3885953814511651, 0.7220373824200388)
Veloctiy: (0.3044957144528938, 0.13824911651238014, 0.0)
Position: (3.8862579108445274, -0.39674384670667473, 0.7671359925523298)
Veloctiy: (0.4771673005336746, 0.05891416090428586, 0.0)
Position: (3.946140244254335, -0.44256422871926543, 0.8184394393907728)
Veloctiy: (0.5006359591121224, -0.14963836394842972, 0.0)
Position: (4.064599232411739, -0.4794136038342213, 0.7583886597733698)
Veloctiy: (0.6396140322024972, -0.22554636091670766, 0.0)
Position: (4.0942859373525105, -0.5191983344407535, 0.760012457595367)
Veloctiy: (0.5662571926799285, -0.3008037553298686, 0.0)
Position: (4.1325754641906824, -0.5640022138037195, 0.7586161223623575)
Veloctiy: (0.5256359122956834, -0.3621002206783139, 0.0)
Position: (4.185448548794139, -0.6004254397572862, 0.7586161223623575)
Veloctiy: (0.5256359122956834, -0.3621002206783139, 0.0)
Position: (4.238287546434318, -0.636825183873642, 0.7586161223623575)
Veloctiy: (0.5256359122956834, -0.3621002206783139, 0.0)
Position: (4.291306379889172, -0.6733488133384977, 0.7586161223623575)
Veloctiy: (0.5256359122956834, -0.3621002206783139, 0.0)
Position: (4.3441932503457, -0.7097815360945513, 0.7586161223623575)
Veloctiy: (0.5256359122956834, -0.3621002206783139, 0.0)
Position: (4.397009689795068, -0.7461657403178366, 0.7586161223623575)
Veloctiy: (0.5256359122956834, -0.3621002206783139, 0.0)
Position: (4.449822870827415, -0.782547699881853, 0.7586161223623575)
Veloctiy: (0.5256359122956834, -0.3621002206783139, 0.0)
Position: (4.502674525780363, -0.8189561633715224, 0.7586161223623575)
Veloctiy: (0.5256359122956834, -0.3621002206783139, 0.0)
Position: (4.537909004291323, -0.843228501211953, 0.7586161223623575)
Veloctiy: (0.5256359122956834, -0.3621002206783139, 0.0)
Position: (4.57328948238201, -0.8676014152854798, 0.7586161223623575)
Veloctiy: (0.5256359122956834, -0.3621002206783139, 0.0)
Position: (4.6261474029150325, -0.9040141950097802, 0.7586161223623575)
Veloctiy: (0.5256359122956834, -0.3621002206783139, 0.0)
Position: (4.661407948236517, -0.928304489762254, 0.7586161223623575)
Veloctiy: (0.5256359122956834, -0.3621002206783139, 0.0)
Position: (4.055760777660036, -0.5493280204123239, 0.8002557877112466)
Veloctiy: (-0.0751493229629979, 0.0883146286627789, 0.0)
Position: (4.082165736315727, -0.5186430098079396, 0.8550024898694984)
Veloctiy: (-0.026033911785045265, 0.15839319894886586, 0.0)
Position: (4.1572326156182715, -0.48526546269013726, 0.8582779659842404)
Veloctiy: (0.09340648775479614, 0.2661738364823185, 0.0)
Position: (4.187720998550053, -0.46120976933426, 0.8287982506362626)
Veloctiy: (0.13441908890363946, 0.3042121451108346, 0.0)
Position: (4.267645316084362, -0.42859732826324015, 0.7987873266145662)
Veloctiy: (0.2588578555073691, 0.33326005555049226, 0.0)
Position: (4.357464382051315, -0.41563530725592457, 0.7803934875571386)
Veloctiy: (0.4023827568430551, 0.3131915478666275, 0.0)
Position: (4.43281313708593, -0.4074451269086853, 0.734774192931211)
Veloctiy: (0.5011639514457124, 0.2721432430843808, 0.0)
Position: (4.492399221717701, -0.3975746027897749, 0.7197940809486193)
Veloctiy: (0.5554390541101332, 0.24383107365573287, 0.0)
Position: (4.55932731842351, -0.387218095940683, 0.7104430154651568)
Veloctiy: (0.5778282328401991, 0.1909285864213291, 0.0)
Position: (4.568765806010635, -0.3864895946752235, 0.7180471361008005)
Veloctiy: (0.5152538810189514, 0.14019244498929417, 0.0)
Position: (4.567673655320317, -0.38937821649123594, 0.7184479250613646)
Veloctiy: (0.4394666818210076, 0.08807364279262411, 0.0)
Position: (4.55229304607975, -0.392434584729216, 0.722406344153674)
Veloctiy: (0.3454551787913661, 0.047590546094294965, 0.0)
Position: (4.5268597184149755, -0.4008277632938949, 0.6969305105618031)
Veloctiy: (0.2436522977361408, -0.0031542839180709534, 0.0)
Position: (4.476370327816718, -0.39080966158362335, 0.6886898870228908)
Veloctiy: (0.1083363573734409, 0.025714929785497186, 0.0)
Position: (4.420131666880435, -0.3668859823768365, 0.6797909011641087)
Veloctiy: (-0.017554694364414144, 0.10010113166976618, 0.0)
Position: (4.31237671601737, -0.3331477595933008, 0.710697346727039)
Veloctiy: (-0.22719940620340673, 0.17389564949481165, 0.0)
Position: (4.223479719596622, -0.3074090250568423, 0.6992369737941075)
Veloctiy: (-0.37359043964394706, 0.21655194298284233, 0.0)
Position: (4.118523571839992, -0.27798953872423204, 0.717337959893446)
Veloctiy: (-0.5318760563622765, 0.2621715743013424, 0.0)
Position: (4.092405405589619, -0.253190126926569, 0.6921366229990971)
Veloctiy: (-0.47719351652534797, 0.2595991658543012, 0.0)
Position: (4.008468591168728, -0.2187916157025718, 0.6576681167448055)
Veloctiy: (-0.4842711687557893, 0.21894346742217494, 0.0)
Position: (3.884203039198048, -0.21755954511180586, 0.751641199433984)
Veloctiy: (-0.5659016276426256, 0.07317114448558881, 0.0)
Position: (3.823392879558344, -0.1826214111651024, 0.7125810435293459)
Veloctiy: (-0.49815010345980765, 0.16384562401907354, 0.0)
Position: (3.5258268130541994, -0.13169969462658676, 0.5483777789348104)
Veloctiy: (-0.9373542309283267, 0.23832401735435427, 0.0)
Position: (3.3675074472371387, -0.09144670803778451, 0.5483777789348104)
Veloctiy: (-0.9373542309283267, 0.23832401735435427, 0.0)
Position: (3.2104255052368282, -0.051508338704067735, 0.5483777789348104)
Veloctiy: (-0.9373542309283267, 0.23832401735435427, 0.0)
Position: (2.7905278021278397, 0.06229359461289313, 0.7182799321237763)
Veloctiy: (-1.3278503871253082, 0.3949439982998945, 0.0)
Position: (2.667122297188507, 0.10528123350696744, 0.7495456095759403)
Veloctiy: (-1.158873499591856, 0.29325827957528217, 0.0)
Position: (2.4954683067985335, 0.11838799874596206, 0.7605683702653964)
Veloctiy: (-1.10492550381516, 0.12180830635062678, 0.0)
Position: (2.396494057525507, 0.16262512194603446, 0.7947792111194677)
Veloctiy: (-0.9373493553805279, 0.2168732708371296, 0.0)
Position: (2.1392641288700154, 0.2916738810693183, 0.877397296485797)
Veloctiy: (-1.0841511513483253, 0.6286654382333964, 0.0)
Position: (2.2013785822244136, 0.43518520316934384, 0.8440991301780723)
Veloctiy: (-0.6039625828851414, 0.7459526014053728, 0.0)
Position: (2.001516153368407, 0.5041998007692643, 0.8344960181719938)
Veloctiy: (-0.7672509957859228, 0.5192228708968227, 0.0)
Position: (1.8717563693546877, 0.48594142834144277, 0.911391743225224)
Veloctiy: (-0.718904157140347, 0.10697636708159358, 0.0)
Position: (1.725308551128578, 0.4400293918097239, 0.9130266498274853)
Veloctiy: (-0.6475211512893326, -0.21680056626434202, 0.0)
Position: (1.6562477719731543, 0.43142723685811596, 0.916731749388733)
Veloctiy: (-0.5840344425410658, -0.10982336267919934, 0.0)
Position: (1.4949732134347742, 0.4012839075878199, 0.922982152206982)
Veloctiy: (-0.709425021331995, -0.11796322817495757, 0.0)
Position: (1.4557617560226142, 0.4240246486377077, 0.8991836043742999)
Veloctiy: (-0.5253015699077611, 0.03569521900785763, 0.0)
Position: (1.5200877853617683, 0.4343980870240091, 0.9066973080382695)
Veloctiy: (-0.22144370159725268, -0.07421923887609529, 0.0)
Position: (1.4993837084105541, 0.4429247861464495, 0.9868664563343712)
Veloctiy: (-0.1617616653658799, 0.03260175404568966, 0.0)
Position: (1.4782136724606891, 0.44719143550131923, 0.9868664563343712)
Veloctiy: (-0.1617616653658799, 0.03260175404568966, 0.0)
Position: (1.4511056318731814, 0.4526548416173205, 0.9868664563343712)
Veloctiy: (-0.1617616653658799, 0.03260175404568966, 0.0)
Position: (1.429203401803484, 0.4570690587692606, 0.9868664563343712)
Veloctiy: (-0.1617616653658799, 0.03260175404568966, 0.0)
Position: (1.4081501467762196, 0.46131217187462814, 0.9868664563343712)
Veloctiy: (-0.1617616653658799, 0.03260175404568966, 0.0)
Position: (1.3923339026950194, 0.4644998078222158, 0.9868664563343712)
Veloctiy: (-0.1617616653658799, 0.03260175404568966, 0.0)
Position: (1.3817563282639993, 0.4666316323136369, 0.9868664563343712)
Veloctiy: (-0.1617616653658799, 0.03260175404568966, 0.0)
Position: (1.3711724286283395, 0.46876473159884546, 0.9868664563343712)
Veloctiy: (-0.1617616653658799, 0.03260175404568966, 0.0)
Position: (1.3604612194885664, 0.4709234890839207, 0.9868664563343712)
Veloctiy: (-0.1617616653658799, 0.03260175404568966, 0.0)
Position: (1.3496322654884279, 0.4731059770923498, 0.9868664563343712)
Veloctiy: (-0.1617616653658799, 0.03260175404568966, 0.0)
Position: (1.338811448908865, 0.4752868250695421, 0.9868664563343712)
Veloctiy: (-0.1617616653658799, 0.03260175404568966, 0.0)
Position: (1.327968224941655, 0.47747218907430655, 0.9868664563343712)
Veloctiy: (-0.1617616653658799, 0.03260175404568966, 0.0)
Position: (1.3171429346814754, 0.47965393868560857, 0.9868664563343712)
Veloctiy: (-0.1617616653658799, 0.03260175404568966, 0.0)
Position: (1.3063118979998944, 0.48183684644162095, 0.9868664563343712)
Veloctiy: (-0.1617616653658799, 0.03260175404568966, 0.0)
Position: (1.2954687125319606, 0.48402220268716756, 0.9868664563343712)
Veloctiy: (-0.1617616653658799, 0.03260175404568966, 0.0)
Position: (1.8042301015651634, -1.114912336950521, 1.088880365197945)
Veloctiy: (0.0, 0.0, 0.0)
Position: (1.8539130930450272, -0.9197578151297086, 0.9560324349653271)
Veloctiy: (0.40312984581668754, 1.0967375008948101, 0.0)
Position: (2.168658671164113, -0.7992112874160222, 0.9362681121431151)
Veloctiy: (1.0399952117004676, 0.9019410696194362, 0.0)
Position: (2.343995750764958, -0.6471493246877926, 0.9362681121431151)
Veloctiy: (1.0399952117004676, 0.9019410696194362, 0.0)
Position: (2.471798263330075, -0.4347834589924403, 0.7685575179232175)
Veloctiy: (0.9325096164935435, 1.0950522534651412, 0.0)
Position: (2.515003159775367, -0.3797168568417345, 0.7580479895908907)
Veloctiy: (0.8983758877159166, 1.0016751876475953, 0.0)
Position: (2.4114487872400927, -0.22885450021026993, 0.78409624852885)
Veloctiy: (0.5218021593707953, 1.1834571240746514, 0.0)
Position: (2.378013806583479, -0.15887951804172362, 0.7798463924099598)
Veloctiy: (0.3921281052410369, 1.1224579629575808, 0.0)
Position: (2.3456469804773254, -0.10042808807745135, 0.7602881236031751)
Veloctiy: (0.2813777382195716, 1.0212199790890695, 0.0)
Position: (2.370993431992679, -0.07816841223792748, 0.7659943364780253)
Veloctiy: (0.32050909664359495, 0.786483904385238, 0.0)
Position: (2.510796863875829, -0.03550024472054414, 0.8063850325866002)
Veloctiy: (0.5653359892295401, 0.6108209626173355, 0.0)
Position: (2.563984292100301, 0.0032395121028176987, 0.7315421673549499)
Veloctiy: (0.5636010755131431, 0.4967366721654253, 0.0)
Position: (2.5779639184473417, 0.028481173886009348, 0.7318939013989839)
Veloctiy: (0.51722349275606, 0.4568628973414294, 0.0)
Position: (2.568476979334487, 0.06054349969924022, 0.7542549297942395)
Veloctiy: (0.39556738721722007, 0.3919898416490708, 0.0)
Position: (2.5755672807642562, 0.08131886614078288, 0.7477355377673225)
Veloctiy: (0.3328686471921174, 0.305400923938042, 0.0)
Position: (2.597795961758103, 0.10171327628036847, 0.7477355377673225)
Veloctiy: (0.3328686471921174, 0.305400923938042, 0.0)
Position: (2.677463192007779, 0.12913818893859624, 0.7492515571303593)
Veloctiy: (0.42238159716564716, 0.2881229073228999, 0.0)
Position: (2.7384921037623853, 0.14803432996600008, 0.758748582258562)
Veloctiy: (0.48503522982962316, 0.28220205335686777, 0.0)
Position: (2.8073965016889786, 0.1615508138547967, 0.7373674424559455)
Veloctiy: (0.5552892743421045, 0.2511786474558815, 0.0)
Position: (2.8446187073003175, 0.17838784581774558, 0.7373674424559455)
Veloctiy: (0.5552892743421045, 0.2511786474558815, 0.0)
Position: (2.947020646096087, 0.17655423046636082, 0.7599486108427514)
Veloctiy: (0.682307386774391, 0.16163308748497363, 0.0)
Position: (3.0022907389099274, 0.152176257423494, 0.7126248007824212)
Veloctiy: (0.7068034209991715, 0.009884530753686768, 0.0)
Position: (3.049940733339461, 0.15284263483672975, 0.7126248007824212)
Veloctiy: (0.7068034209991715, 0.009884530753686768, 0.0)
Position: (3.144826728883476, 0.14665997897623442, 0.7368737151591662)
Veloctiy: (0.7955215660284839, -0.024910931800644895, 0.0)
Position: (3.1972312408142747, 0.14626809286738493, 0.752364901835542)
Veloctiy: (0.794200821758659, -0.019589502431457115, 0.0)
Position: (3.2503172748841322, 0.14495868979829085, 0.752364901835542)
Veloctiy: (0.794200821758659, -0.019589502431457115, 0.0)
Position: (3.2075292792070393, 0.12067010710277812, 0.7739348488255355)
Veloctiy: (0.6240814359534865, -0.09683975942447745, 0.0)
Position: (3.403679596093919, 0.11238300876828813, 0.6504954139255131)
Veloctiy: (0.8997747424913219, -0.12341831327550104, 0.0)
Position: (3.61708997661404, 0.09966112130421742, 0.5862195678344924)
Veloctiy: (1.1775905004438214, -0.16107246589477597, 0.0)
Position: (3.6296552335906838, 0.08207613231387423, 0.7398513902566761)
Veloctiy: (1.0582505178443147, -0.18223503701370192, 0.0)
Position: (3.70299182825727, 0.06415724571610115, 0.7207671794816481)
Veloctiy: (1.062696184362793, -0.2068925359834221, 0.0)
Position: (3.740322607537167, 0.04377246981582168, 0.8696207526936437)
Veloctiy: (1.0004463928204985, -0.23145514048765614, 0.0)
Position: (3.745743578864479, 0.031596241304793854, 0.8018842930652372)
Veloctiy: (0.8792236392181829, -0.21288636215932127, 0.0)
Position: (3.7848577070187646, 0.02340193866416586, 0.7233540597039636)
Veloctiy: (0.8391726049347763, -0.1864755538081403, 0.0)
Position: (3.7812979604043786, 0.011656607768055008, 0.8220898220356786)
Veloctiy: (0.722000001065726, -0.18050968165465725, 0.0)
Position: (3.7803584173551243, 0.002384988313977085, 0.879084041565743)
Veloctiy: (0.6246241153817347, -0.16702572984948613, 0.0)
Position: (3.7819149548091686, -0.009742066369180125, 0.8911502485833992)
Veloctiy: (0.544237532090843, -0.16967075455690195, 0.0)
Position: (3.827957479267599, -0.04025018956793308, 0.775660659405138)
Veloctiy: (0.5245453920873283, -0.22495361763259092, 0.0)
Position: (3.841534334952243, -0.07799711077876442, 0.8066180175545921)
Veloctiy: (0.4460987913766823, -0.28684385129222806, 0.0)
Position: (3.814429566505377, -0.0875002510993116, 0.7267817373242037)
Veloctiy: (0.29956402895243417, -0.2080210034298974, 0.0)
