Position: (3.7285953229411875, -0.67618440839709, 1.1103773859886328)
Veloctiy: (-0.1870166767996661, 0.01363573605865077, 0.0)
Position: (3.811437289772582, -0.693635535022434, 1.1182539961225557)
Veloctiy: (-0.006958735629913304, -0.02353091050045058, 0.0)
Position: (3.8109741227589264, -0.6952017306827827, 1.1182539961225557)
Veloctiy: (-0.006958735629913304, -0.02353091050045058, 0.0)
Position: (3.810309349539067, -0.6974496561640118, 1.1182539961225557)
Veloctiy: (-0.006958735629913304, -0.02353091050045058, 0.0)
Position: (3.8098433106343412, -0.6990255631017168, 1.1182539961225557)
Veloctiy: (-0.006958735629913304, -0.02353091050045058, 0.0)
Position: (3.809145712279136, -0.7013844865232386, 1.1182539961225557)
Veloctiy: (-0.006958735629913304, -0.02353091050045058, 0.0)
Position: (3.808679255286615, -0.7029618072215779, 1.1182539961225557)
Veloctiy: (-0.006958735629913304, -0.02353091050045058, 0.0)
Position: (3.8082127966309556, -0.7045391335438039, 1.1182539961225557)
Veloctiy: (-0.006958735629913304, -0.02353091050045058, 0.0)
Position: (3.807746079159042, -0.7061173350511847, 1.1182539961225557)
Veloctiy: (-0.006958735629913304, -0.02353091050045058, 0.0)
Position: (3.8072796221595624, -0.7076946557730548, 1.1182539961225557)
Veloctiy: (-0.006958735629913304, -0.02353091050045058, 0.0)
Position: (3.8068115906904763, -0.7092773005516715, 1.1182539961225557)
Veloctiy: (-0.006958735629913304, -0.02353091050045058, 0.0)
Position: (3.8063446226971216, -0.7108563491953613, 1.1182539961225557)
Veloctiy: (-0.006958735629913304, -0.02353091050045058, 0.0)
Position: (3.805877037519586, -0.7124374848425649, 1.1182539961225557)
Veloctiy: (-0.006958735629913304, -0.02353091050045058, 0.0)
Position: (3.8054102221591384, -0.7140160173592631, 1.1182539961225557)
Veloctiy: (-0.006958735629913304, -0.02353091050045058, 0.0)
Position: (3.668660876550239, -0.6706058677788086, 1.0762690172698626)
Veloctiy: (-0.13244965226466, 0.024259740826798094, 0.0)
Position: (3.6571058166360593, -0.6692040728670847, 1.0607701614299343)
Veloctiy: (-0.1354900543660141, 0.023019009132061514, 0.0)
Position: (3.6108949465421034, -0.6524014456068831, 0.9971430786829605)
Veloctiy: (-0.17484813748037145, 0.06493198579840857, 0.0)
Position: (3.622510889118074, -0.6416417681858426, 1.0234654193386028)
Veloctiy: (-0.13672996250124234, 0.10756741402854585, 0.0)
Position: (3.6159529364255967, -0.6258192808976091, 0.991271398821494)
Veloctiy: (-0.12839435076048827, 0.14882770341604964, 0.0)
Position: (3.66079462368315, -0.5955418473815647, 0.9466619022113797)
Veloctiy: (-0.021250532357239837, 0.26464788315492094, 0.0)
Position: (3.6539167072735586, -0.5889722852112019, 1.063541335642418)
Veloctiy: (-0.034568023353378455, 0.21391699747076212, 0.0)
Position: (3.7179722937236654, -0.5795891655424985, 1.0230026426874879)
Veloctiy: (0.10026222250431216, 0.21723062522894768, 0.0)
Position: (3.8245569570067453, -0.5745701921371781, 1.0158028206375531)
Veloctiy: (0.300175886745029, 0.17884107790048748, 0.0)
Position: (3.903235014940988, -0.5713130738938411, 1.0120484243501895)
Veloctiy: (0.42255211734485354, 0.16110385447970374, 0.0)
Position: (3.991398939437186, -0.5469390445027252, 0.9114112024837505)
Veloctiy: (0.5197114697634, 0.20884738732045688, 0.0)
Position: (4.038549803311842, -0.5148800971788535, 0.871663653588064)
Veloctiy: (0.5112521154614688, 0.2523978122524224, 0.0)
Position: (4.075813020539261, -0.49567437292640676, 0.9244387292388626)
Veloctiy: (0.4817054274787389, 0.2238575129004463, 0.0)
Position: (4.137024123046536, -0.45887300753890764, 0.8706099220385626)
Veloctiy: (0.5101304521893268, 0.28406541711272054, 0.0)
Position: (4.202191650012102, -0.4318610866859773, 0.8642266784324873)
Veloctiy: (0.5378196146684695, 0.2814424944858405, 0.0)
Position: (4.104743374370284, -0.38335735072470184, 0.8879565003998394)
Veloctiy: (0.23861651222458996, 0.3275626936528897, 0.0)
Position: (4.053065863346186, -0.37165055729806146, 0.9269075382038094)
Veloctiy: (0.08508067458384336, 0.22976221563917754, 0.0)
Position: (3.9967673723381876, -0.35587941235595943, 0.8861162964337981)
Veloctiy: (-0.04579565154488288, 0.18971111884933922, 0.0)
Position: (3.9276377147452224, -0.34051153637014603, 0.8721809516724948)
Veloctiy: (-0.17482028660282978, 0.16420394624935647, 0.0)
Position: (3.7929490224663054, -0.320374410766851, 0.8726943180613814)
Veloctiy: (-0.3967770371880889, 0.13876242924078913, 0.0)
Position: (3.7178068105847473, -0.2964798854126479, 0.9109988366733729)
Veloctiy: (-0.4644245107743716, 0.1727572374230612, 0.0)
Position: (3.6569795130901914, -0.2848532736431052, 0.8713092316273998)
Veloctiy: (-0.4946911681449868, 0.14721432307488255, 0.0)
Position: (3.578630066757684, -0.2716828446805873, 0.8560722308885915)
Veloctiy: (-0.552621572630921, 0.1361036387018325, 0.0)
Position: (3.435173353050671, -0.22384573008534017, 0.8461239496205568)
Veloctiy: (-0.7237869240249313, 0.26484263975422806, 0.0)
Position: (3.274983847055668, -0.19964699818241935, 0.9235239179405257)
Veloctiy: (-0.8963494057028804, 0.24142292198917878, 0.0)
Position: (3.1613427952909534, -0.17621139372906203, 0.8855811079295343)
Veloctiy: (-0.9445096597590502, 0.23473146384792987, 0.0)
Position: (3.0203788579883177, -0.1620482374928043, 0.891296595581573)
Veloctiy: (-1.0367097889795165, 0.18767893107686318, 0.0)
Position: (2.9356337337091993, -0.15905493462895873, 0.9106283057320131)
Veloctiy: (-0.9987974510489347, 0.11899514761129834, 0.0)
Position: (2.8274659825953785, -0.16423534450443045, 0.8993409937929778)
Veloctiy: (-1.0155928280094157, 0.0399410573382428, 0.0)
Position: (2.7403819908550173, -0.20209709740456516, 0.9426375333395983)
Veloctiy: (-0.9874527346990971, -0.15271509110613465, 0.0)
Position: (2.6517362551513943, -0.2546583797222213, 0.8834767925222414)
Veloctiy: (-0.9720442609229946, -0.32665260300587595, 0.0)
Position: (2.503087064691261, -0.26213333505234554, 0.9058670262768089)
Veloctiy: (-1.0685471971906817, -0.2129965992958544, 0.0)
Position: (2.4334078104536143, -0.2586412170067578, 0.9396754640143017)
Veloctiy: (-0.9837447646938412, -0.08493787001853267, 0.0)
Position: (2.293896180853386, -0.23601500793207286, 0.9188108430906935)
Veloctiy: (-1.0546321054445043, 0.058901615929205856, 0.0)
Position: (2.1774547930250767, -0.20283813245570137, 0.9192927671248619)
Veloctiy: (-1.065413470804457, 0.19297359520607216, 0.0)
Position: (2.0901068211465637, -0.179836435423734, 0.9425143505853187)
Veloctiy: (-1.0233255075241332, 0.21689071826305228, 0.0)
Position: (2.08453674066456, -0.18462504100527966, 0.9491131869220569)
Veloctiy: (-0.8330874933854088, 0.10062300731097705, 0.0)
Position: (2.0452522918472082, -0.1686262865177769, 0.9519456990422924)
Veloctiy: (-0.7433933770009951, 0.14210692490586033, 0.0)
Position: (1.9748596486686574, -0.16201745581807653, 0.9808755686652639)
Veloctiy: (-0.7345039396932024, 0.10140709608753178, 0.0)
Position: (1.9288666903680083, -0.15701633802163883, 0.9652310816550091)
Veloctiy: (-0.6800221660448365, 0.0787313044685623, 0.0)
Position: (1.8417599705453789, -0.15585181088831873, 0.9699204167019141)
Veloctiy: (-0.7183455710038237, 0.03798553546515607, 0.0)
Position: (1.746201368806576, -0.1965441159751185, 1.0122156066157815)
Veloctiy: (-0.7710269382050361, -0.21379480789961836, 0.0)
Position: (1.6940553912556466, -0.22244988399562943, 1.0280011549999934)
Veloctiy: (-0.7742038908687089, -0.28105359942814745, 0.0)
Position: (1.6346511619548436, -0.24020591259656593, 1.0499682505199612)
Veloctiy: (-0.7318970766573272, -0.21483805549127657, 0.0)
Position: (1.5855980680633692, -0.25460475588147924, 1.0499682505199612)
Veloctiy: (-0.7318970766573272, -0.21483805549127657, 0.0)
Position: (1.5750467063905331, -0.23380381954066087, 1.087872122423869)
Veloctiy: (-0.5864406765630621, 0.0044742674511248776, 0.0)
Position: (1.5901789621486961, -0.20184544745908772, 1.0694519192955882)
Veloctiy: (-0.4170369269447475, 0.2202389108481375, 0.0)
Position: (1.548250698405357, -0.1797029594826931, 1.0694519192955882)
Veloctiy: (-0.4170369269447475, 0.2202389108481375, 0.0)
Position: (1.5151096182673567, -0.16881420607946956, 1.144511202289977)
Veloctiy: (-0.4027647988077737, 0.1716060909926282, 0.0)
Position: (1.447898768477137, -0.14017766376262925, 1.144511202289977)
Veloctiy: (-0.4027647988077737, 0.1716060909926282, 0.0)
Position: (1.3939025250031283, -0.11717147181564352, 1.144511202289977)
Veloctiy: (-0.4027647988077737, 0.1716060909926282, 0.0)
Position: (1.3534053183324248, -0.09991681760194027, 1.144511202289977)
Veloctiy: (-0.4027647988077737, 0.1716060909926282, 0.0)
Position: (1.3127569657129086, -0.08259776459886436, 1.144511202289977)
Veloctiy: (-0.4027647988077737, 0.1716060909926282, 0.0)
Position: (1.272106404734, -0.0652777706795915, 1.144511202289977)
Veloctiy: (-0.4027647988077737, 0.1716060909926282, 0.0)
Position: (1.2316091980632966, -0.048023116465888305, 1.144511202289977)
Veloctiy: (-0.4027647988077737, 0.1716060909926282, 0.0)
Position: (1.1910929780747366, -0.03076036124344761, 1.144511202289977)
Veloctiy: (-0.4027647988077737, 0.1716060909926282, 0.0)
Position: (1.1505541919800275, -0.01348799127494027, 1.144511202289977)
Veloctiy: (-0.4027647988077737, 0.1716060909926282, 0.0)
Position: (1.1100570815701118, 0.0037666219249072874, 1.144511202289977)
Veloctiy: (-0.4027647988077737, 0.1716060909926282, 0.0)
Position: (1.0696114408766002, 0.020999305410780766, 1.144511202289977)
Veloctiy: (-0.4027647988077737, 0.1716060909926282, 0.0)
Position: (1.0291142342058968, 0.03825395962448408, 1.144511202289977)
Veloctiy: (-0.4027647988077737, 0.1716060909926282, 0.0)
Position: (0.9885740078242677, 0.055526943256372197, 1.144511202289977)
Veloctiy: (-0.4027647988077737, 0.1716060909926282, 0.0)
Position: (0.9480768011535643, 0.07278159747007551, 1.144511202289977)
Veloctiy: (-0.4027647988077737, 0.1716060909926282, 0.0)
